{
  "media": [
    {
      "auteur": "Husref Baltic",
      "titre": "Test livre",
      "type": "book",
      "id": 1
    }
  ],
  "adherent": [
    {
      "age": 26,
      "nom": "Baltic",
      "prenom": "Husref",
      "montantCotisation": 50,
      "dateNaissance": "11/05/1991",
      "dateCotisation": "11/05/2017",
      "dateFinCotisation": "11/05/2018",
      "id": 1
    },
    {
      "age": 29,
      "nom": "Sion",
      "prenom": "Laurent",
      "montantCotisation": 60,
      "dateNaissance": "15/07/1988",
      "dateCotisation": "19/12/1989",
      "dateFinCotisation": "19/12/1990",
      "id": 2
    },
    {
      "nom": "Baltic",
      "prenom": "Husref",
      "age": 25,
      "montantCotisation": 50,
      "dateNaissance": "11/05/1991",
      "dateCotisation": "11/05/2017",
      "dateFinCotisation": "05/11/2018",
      "id": 3
    }
  ],
  "emprunt": [
    {
      "titre": {
        "auteur": "Husref Baltic",
        "titre": "Test livre",
        "type": "book",
        "id": 1
      },
      "user": {
        "age": 29,
        "nom": "Sion",
        "prenom": "Laurent",
        "montantCotisation": 60,
        "dateNaissance": "15/07/1988",
        "dateCotisation": "19/12/1989",
        "dateFinCotisation": "19/12/1990",
        "id": 2
      },
      "date": "02/08/2017",
      "id": 1
    },
    {
      "titre": {
        "auteur": "Husref Baltic",
        "titre": "Test livre",
        "type": "book",
        "id": 1
      },
      "user": {
        "nom": "Baltic",
        "prenom": "Husref",
        "age": 25,
        "montantCotisation": 50,
        "dateNaissance": "11/05/1991",
        "dateCotisation": "11/05/2017",
        "dateFinCotisation": "05/11/2018",
        "id": 3
      },
      "date": "07/08/2017",
      "id": 2
    },
    {
      "titre": {
        "auteur": "Husref Baltic",
        "titre": "Test livre",
        "type": "book",
        "id": 1
      },
      "user": {
        "nom": "Baltic",
        "prenom": "Husref",
        "age": 25,
        "montantCotisation": 50,
        "dateNaissance": "11/05/1991",
        "dateCotisation": "11/05/2017",
        "dateFinCotisation": "05/11/2018",
        "id": 3
      },
      "date": "01/08/2017",
      "id": 3
    }
  ]
}